0.01383585206
0.0092675839
0.00742556491
0.006371454163
0.005668790391
0.005158082691
0.00476555724
0.004451825706
0.004193706418
0.003976555061
0.003790608244
0.003487064118
0.00324800411
0.003053514534
0.002891341279
0.002753476956
0.002580717633
0.002438300754
0.002282378852
0.002154688468
0.002047707168
0.001935655062
0.001824718078
0.00171884028
0.001620178138
0.00153883266
0.001454878842
0.001379181493
0.001311111908
0.001241489082
0.00118097626
0.001125178653
0.001072016187
0.001024504755
0.0009790700856
0.0009368417158
0.000899319659
0.0008644326784
0.0008326107913
0.0008034224764
0.0007766381023
0.0007521276034
0.000730068981
0.0007099947977
0.0006918367975
0.0006753650801
0.0006604415655
0.0006471422821
0.0006351386808
0.0006243689043
0.0006147174859
0.0006061290994
0.0005984252785
0.0005915914651
0.000585532467
0.0005801658956
0.0005754437106
0.0005712917246
0.0005676896762
0.0005645901129
0.0005619666888
0.0005598065036
0.0005580989906
0.0005568565219
0.000556102263
0.0005558788602
0.0005562506021
0.0005573083953
0.0005591774551
0.0005620182668
0.0005660442768
0.000571525774
0.000578796516
0.0005882788432
0.000600484008
0.0006160200472
0.0006356163288
0.000660112982
0.0006904711462
0.000727774691
0.0007732029327
0.0008280606624
0.0008937644551
0.0009718331829
0.00106391959
0.001171839707
0.001297573948
0.001443350332
0.001611650853
0.001805263564
0.002027377999
