0.009999795353
0.01999959071
0.02999938606
0.03999918141
0.04999897677
0.05999877212
0.06999856747
0.07999836283
0.08999815818
0.09999795353
0.1099977489
0.1299973396
0.1499969303
0.169996521
0.1899961117
0.2099957024
0.2399950885
0.2699944745
0.3099936559
0.3499928374
0.3899920188
0.4399909955
0.4999897677
0.5699883351
0.649986698
0.7299850608
0.8299830143
0.9399807632
1.059978307
1.209975238
1.369971963
1.54996828
1.759963982
1.989959275
2.25995375
2.569947406
2.909940448
3.299932467
3.739923462
4.23991323
4.809901565
5.459888263
6.189873324
7.019856338
7.959837101
9.029815204
10.24979024
11.6197622
13.17973028
14.94969405
16.95965292
19.22960646
21.81955346
24.7494935
28.06942556
31.8393484
36.10926102
40.96916156
46.46904901
52.70892131
59.78877642
67.80861229
76.91842586
87.24821446
98.96797461
112.2577026
127.337394
144.4370441
163.8466469
185.8461966
210.8056858
239.1251063
271.2344492
307.6637036
348.9928578
395.8618986
449.0308105
509.3395763
577.7481763
655.3565881
743.3747868
843.2127436
956.4704257
1084.937797
1230.654815
1395.951432
1583.437595
1796.113242
2037.358305
2310.992705
2621.396353
