157.4264829
97.98869073
76.1655482
64.32041208
56.6944531
51.28860448
47.21218593
44.00317242
41.3958242
39.22539969
37.38378112
34.4115257
32.1011453
30.24204371
28.7065297
27.4121614
25.80520969
24.49389074
23.07324999
21.92256893
20.96816455
19.97885675
19.01086105
18.09883397
17.26057125
16.57882071
15.88510675
15.26917439
14.72388349
14.17544064
13.70717098
13.28300526
12.88629854
12.53843029
12.21214817
11.9149265
11.65607247
11.4201325
11.20916144
11.01942899
10.84869491
10.69544963
10.5601241
10.43923358
10.33185647
10.23618648
10.15104756
10.07652231
10.01046846
9.952311297
9.901224544
9.856739211
9.817789783
9.784187084
9.75535517
9.730814623
9.710268049
9.693325157
9.679837903
9.669558331
9.66233497
9.658066395
9.656677435
9.658154489
9.662519884
9.669836301
9.68021802
9.693813239
9.71083927
9.7315227
9.756185816
9.785192895
9.818943463
9.857942457
9.902745166
9.953961803
10.01231735
10.07860109
10.15370161
10.23861816
10.33441502
10.44230442
10.56361628
10.69977615
10.85234341
11.02302175
11.21361294
11.42608817
11.66252907
11.92513463
12.21627579
