0.01216826253
0.008713209223
0.007142065103
0.006205519123
0.005567776108
0.005095269965
0.004726871669
0.004430695378
0.004184874975
0.003976923421
0.003797687565
0.003506138502
0.003275884854
0.003088930524
0.002935297547
0.00280542386
0.002644814766
0.002512378399
0.002369011926
0.002254836977
0.002161397733
0.002063818769
0.001968644274
0.001879854386
0.001798280413
0.001730844949
0.001659972148
0.001596303127
0.00153813626
0.001478506258
0.001426099768
0.001378173388
0.001333656062
0.001293411533
0.001254001387
0.001214724175
0.001180735656
0.001146326761
0.001111451738
0.001077193013
0.001043994357
0.00101035813
0.0009771164824
0.0009457227648
0.0009146942846
0.0008842528567
0.0008544139406
0.0008251912571
0.0007960847139
0.0007686328913
0.0007432316164
0.000720352833
0.0006977417287
0.0006725668227
0.0006440164073
0.0006164309309
0.0005925703523
0.0005703538914
0.0005540127191
0.0005431707742
0.0005333003362
0.0005243976633
0.0005174452404
0.000515055189
0.000515082485
0.0005203306095
0.0005264009806
0.0005295157687
0.0005338860062
0.0005387051373
0.0005409192316
0.0005428382059
0.0005475163937
0.0005532072488
0.0005605548564
0.000567118068
0.0005715614566
0.0005745556661
0.0005752767274
0.0005727989768
0.0005658518018
0.0005692238167
0.0005907656601
0.0006324217356
0.0006978948867
0.0007852334912
0.0008977897748
0.001037028627
0.001194039963
0.001345934416
0.001511706886
