0.01155453734
0.008277054579
0.006794802984
0.005906360046
0.005293898821
0.004838108462
0.004483485471
0.004196825471
0.00395988516
0.003758590073
0.003586077429
0.003303532708
0.003081457949
0.002902038376
0.00275278958
0.002627033075
0.002470170186
0.002339850267
0.002196864553
0.002077944427
0.001976558901
0.001869043995
0.001761429439
0.00165871561
0.001563862587
0.001487735956
0.001411275963
0.001343681558
0.00128290102
0.001218987609
0.001161881155
0.001105741326
0.001050568972
0.001001343455
0.0009538797295
0.0009077939358
0.0008655193079
0.000826628825
0.0007903752404
0.0007564580998
0.0007258660931
0.0006983111076
0.0006729687567
0.000648597955
0.0006256581741
0.0006038557182
0.0005834183883
0.0005653223643
0.0005479568554
0.0005315690582
0.0005159275275
0.0005019149044
0.0004887056736
0.0004778134155
0.0004672587285
0.0004562413137
0.000445119973
0.000433240315
0.0004207041856
0.0004071043339
0.0003925898987
0.0003786542487
0.000366406515
0.0003551291654
0.0003452749371
0.000340189247
0.0003385279615
0.0003356325128
0.0003286034762
0.0003197117264
0.0003099910706
0.0002980929563
0.0002838736378
0.0002703034841
0.0002572067467
0.000241313581
0.0002217497463
0.0002039222339
0.0001896964529
0.0001772879801
0.0001674059307
0.0001597459364
0.0001544307195
0.0001519719557
0.0001533255407
0.0001575113965
0.0001636722162
0.000178619337
0.0001933047259
0.0002075789527
0.0002215632198
