149.6982771
107.7534465
88.62955769
76.98118612
69.04867556
63.09784722
58.4993909
54.77601442
51.71141379
49.09216056
46.84781367
43.15908689
40.22920534
37.82111421
35.81280873
34.10495082
31.94990134
30.16693794
28.18691655
26.56222871
25.20176331
23.75205581
22.28727683
20.89476259
19.60866128
18.53569418
17.44131006
16.46582571
15.61518419
14.70646391
13.91087532
13.15564369
12.43063657
11.77011436
11.13719829
10.54608115
10.03622762
9.577003544
9.150432802
8.7589833
8.399844618
8.06237665
7.737087947
7.439911608
7.187252741
6.99370325
6.863570335
6.771850498
6.728495087
6.699235609
6.65823713
6.58644173
6.500869496
6.41025064
6.305610911
6.199278308
6.070357485
5.927421153
5.76997566
5.596454783
5.407197816
5.208496214
4.996127881
4.785286332
4.539794131
4.264673567
3.986769097
3.722562482
3.455379912
3.185428291
2.903987454
2.61894677
2.27154968
1.932203613
1.652029663
1.402165792
1.259046137
1.169241752
1.124306084
1.090222477
1.000580219
0.8999337494
0.8491609812
0.8333756263
0.8233998271
0.7232911498
0.6961657165
0.5741978067
0.5284075738
0.4116982595
0.3067333253
