0.0250827671
0.01384511568
0.0100248943
0.008071392858
0.006871284089
0.006051866243
0.005452534381
0.004992468902
0.004626446998
0.004327123896
0.004076955208
0.003680453087
0.003378221042
0.003138595745
0.00294290241
0.002779364528
0.002577922851
0.002414624365
0.002238513713
0.002096217605
0.0019782247
0.001855726731
0.001735422818
0.001621379942
0.001515660998
0.001428796829
0.001339325439
0.001258706716
0.001186160981
0.001111804175
0.001046949086
0.0009868641932
0.00092926671
0.0008774099258
0.0008273871332
0.0007804175128
0.0007382052243
0.0006984649312
0.0006617163356
0.0006275065484
0.0005956108318
0.0005659233857
0.0005387256426
0.0005135124572
0.0004902648803
0.0004687568056
0.0004488733529
0.0004307891036
0.0004141291813
0.0003988709184
0.0003849124797
0.0003722331891
0.0003606222108
0.0003501041763
0.0003405757066
0.0003319425079
0.0003241558019
0.0003171137907
0.0003107948341
0.0003051204166
0.0003000353802
0.0002954953774
0.0002914406312
0.0002878360926
0.0002846405801
0.0002818210762
0.0002793456683
0.0002771905993
0.0002753335773
0.0002737623666
0.0002724663172
0.0002714435911
0.0002707006803
0.000270252098
0.0002701240731
0.0002703558107
0.0002710024052
0.000272138167
0.0002738606856
0.000276295846
0.0002796014627
0.0002839750394
0.0002896587596
0.000296943273
0.0003061732716
0.0003177510449
0.0003321341575
0.0003498394673
0.0003714370463
0.0003975482941
0.0004288514191
