159.1637274
109.4913281
88.55813773
76.33051584
68.07919194
62.03189924
57.35543295
53.59979319
50.49784031
47.87967432
45.63140493
41.94830645
39.03574969
36.65793877
34.66911283
32.97367987
30.84240885
29.0792445
27.14157339
25.54823854
24.20813474
22.79869053
21.39646915
20.05076176
18.78899848
17.74200372
16.65389881
15.66500659
14.76823502
13.84218498
13.02864243
12.26993062
11.53791035
10.87468104
10.23090796
9.622559279
9.07232559
8.550959221
8.065605648
7.610630166
7.18331727
6.782498613
6.412285627
6.066119686
5.744014934
5.443115068
5.162071979
4.903682797
4.66293441
4.439806906
4.23314433
4.042999499
3.866558998
3.704543323
3.555730536
3.418999844
3.293922588
3.179189803
3.074760437
2.97963517
2.89315652
2.814812657
2.743782048
2.679626238
2.621754703
2.569673548
2.522855392
2.480866251
2.44323239
2.409602387
2.379563307
2.352770067
2.3289218
2.30771136
2.288876719
2.272186028
2.257418514
2.244384923
2.232916418
2.222865153
2.214109457
2.206544766
2.200089784
2.194688161
2.190308002
2.186945188
2.18462837
2.183423086
2.183439975
2.184843615
2.187865024
