0.01237719776
0.008871459616
0.007284600616
0.006325363574
0.005667234936
0.005180250571
0.004802137246
0.004498314413
0.004246574969
0.004032853688
0.003848108038
0.003543751702
0.003301752333
0.003102773087
0.002936958923
0.002796235903
0.002623179975
0.002480616007
0.002326111478
0.002201149463
0.002097303864
0.001987263722
0.001876901558
0.001772064142
0.001673093538
0.001589784091
0.001503011407
0.001423468055
0.001350358651
0.00127394168
0.001207235049
0.001145153228
0.00108774386
0.001037091215
0.000989835446
0.0009454453607
0.0009045373339
0.000865448001
0.0008299784708
0.0007977579181
0.000769276406
0.0007440711396
0.000723592022
0.000706170341
0.000691420355
0.0006792662288
0.0006694977343
0.0006611362052
0.0006533235887
0.0006451948499
0.0006380610898
0.0006317450365
0.0006276642081
0.0006251958193
0.0006249428587
0.0006258031192
0.0006285397323
0.0006304098498
0.0006298177144
0.0006286461737
0.0006260054591
0.00062145088
0.0006161723519
0.0006104187986
0.0006041513929
0.0005933109008
0.0005766621702
0.0005559760093
0.0005354355557
0.0005134441806
0.0004954812339
0.0004840490188
0.000480898177
0.0004857250057
0.0004996754838
0.0005220750119
0.0005469341592
0.0005793544996
0.0006153775787
0.0006546576396
0.0006991970926
0.0007563233337
0.0008273791877
0.0009165497455
0.001023052643
0.001155114527
0.001316538546
0.001521839911
0.001763799169
0.002008737165
0.002263348527
