154.8132666
110.0975804
90.74459939
78.62391462
70.65699451
64.47271678
59.82694471
55.94137318
52.83898151
50.12342701
47.85758397
44.03418446
40.98633194
38.50176868
36.43240155
34.66383184
32.45327296
30.65510665
28.68203508
27.03407725
25.63725897
24.17553936
22.72167759
21.33166837
20.01242088
18.93235584
17.78901901
16.7435407
15.79182762
14.83868586
14.01001754
13.2334162
12.49807353
11.8297405
11.17425961
10.52322784
9.941987493
9.407239631
8.92506644
8.480027428
8.077878387
7.727289907
7.430931287
7.158073364
6.910692645
6.683855464
6.455774092
6.252053283
6.067076719
5.879571062
5.683914464
5.48227163
5.267786761
5.054214844
4.820863145
4.557566379
4.285304878
4.001614214
3.703061364
3.420915534
3.203594354
3.056293503
2.932481891
2.79678051
2.670779412
2.516460073
2.310250998
2.104639617
1.938184625
1.783343298
1.636350156
1.522499043
1.376357033
1.222053162
1.072687942
0.9530367076
0.7834823333
0.6579531179
0.6189704319
0.6225500864
0.598204563
0.5110715419
0.5174747009
0.4915289299
0.4873340996
0.4281473116
0.4052152578
0.4159624465
0.4202184481
0.4543869479
0.475572487
