140.8225476
101.4582275
83.42601623
72.48899054
64.9873964
59.4671787
55.17945685
51.7136543
48.85891248
46.44709096
44.37319092
40.95317639
38.25258313
36.05556323
34.20347195
32.63032829
30.66412926
29.05092344
27.29442661
25.84022019
24.62368089
23.3458851
22.06262194
20.80194977
19.58119674
18.55654364
17.46427165
16.45618161
15.56999175
14.70335809
13.96000387
13.28010189
12.64079882
12.07919081
11.54726232
11.08222377
10.73533701
10.48839707
10.33453537
10.27939855
10.33820127
10.51290364
10.79892141
11.1885977
11.67865127
12.25580667
12.9200557
13.64191617
14.41464727
15.21969531
16.0291116
16.82021582
17.56934836
18.24483247
18.81792501
19.28194357
19.60484028
19.75813642
19.74535755
19.58112151
19.28356441
18.84973393
18.30106623
17.67722966
16.9576066
16.07476943
15.10257414
14.11567021
13.10888363
12.01662216
10.89910748
9.887726351
8.656546397
7.461560764
6.460028578
5.471513351
4.695063001
4.163058313
3.925466698
3.640539195
3.35187333
3.047501427
2.560242569
2.534484269
2.481773926
1.900206586
1.873670183
1.383093081
1.27332523
0.867424098
0.7797152863
