0.0135740266
0.009606741617
0.007850770424
0.00680493609
0.006091854524
0.005565942523
0.00515756224
0.004828664146
0.004556470633
0.004326403406
0.004128641723
0.003804371916
0.003547786923
0.003338294459
0.003163120177
0.003013864342
0.002826404339
0.00267152341
0.002501608415
0.002362194871
0.002245212218
0.002122511161
0.002000856944
0.001884588168
0.001776098107
0.001686541601
0.001594007202
0.00151047613
0.001435278959
0.001358278559
0.001291275952
0.001229424569
0.001170426062
0.001117636965
0.001067094783
0.001020060466
0.0009782152034
0.0009392590367
0.0009036792599
0.000871001104
0.000840974308
0.0008134595893
0.0007886638526
0.0007660684422
0.0007456023729
0.0007270118704
0.0007101457063
0.0006950943156
0.0006814897516
0.0006692647723
0.0006582905772
0.0006485059014
0.0006397081075
0.0006318803089
0.0006249124625
0.000618707496
0.0006132061908
0.0006083165873
0.0006040072459
0.0006002114405
0.0005968830063
0.000593987019
0.0005914832139
0.0005893517756
0.0005875742037
0.0005861427665
0.0005850575786
0.0005843314506
0.0005839890102
0.0005840713907
0.0005846379058
0.0005857716131
0.0005875825511
0.0005902174038
0.0005938648917
0.0005987636189
0.0006052176258
0.0006136032425
0.0006243842144
0.0006381255615
0.0006554961382
0.0006772897759
0.000704426091
0.0007379451079
0.0007790115743
0.000828913876
0.0008890466826
0.000960932606
0.001046212503
0.001146663068
0.001264244964
