244.4195552
146.6210617
111.6751479
93.03703357
81.17819922
72.8395971
66.58695058
61.68389518
57.71057822
54.40864358
51.60961233
47.09379729
43.58081242
40.74866073
38.40326691
36.41991126
33.94657145
31.91623244
29.70040936
27.88969754
26.37415691
24.78698569
23.21433443
21.71053125
20.30490469
19.14138166
17.93454643
16.83951326
15.84764004
14.82420236
13.92548353
13.08736265
12.27845088
11.54503087
10.83233974
10.15782564
9.546553607
8.965971453
8.423943109
7.914126036
7.433419618
6.98046032
6.559910154
6.164359948
5.79385227
5.445140854
5.116694626
4.811889555
4.524942067
4.255930032
4.003597825
3.768192777
3.546415227
3.339371537
3.145764285
2.964404339
2.795021104
2.636155938
2.488097306
2.349816107
2.220751888
2.100564107
1.988427225
1.884092828
1.787061118
1.696969956
1.613374408
1.53596443
1.464324395
1.398234688
1.337321732
1.281305017
1.229959434
1.183009628
1.140242174
1.101480867
1.066548145
1.035319117
1.007704447
0.9836613459
0.9632170013
0.9464590325
0.9335638896
0.9248138455
0.9206093745
0.9214892601
0.9281473647
0.9414468198
0.9624272803
0.9923042535
1.032470086
